            data_r                          data_28
    
Bone 0  -   0:554           / 2997          0:465       / 2509
Bone 1  -   554:1187        / 3630          465:1017    / 3061
Bone 2  -   1187:1790                       1017:1510
Bone 3  -   1790:1989                       1510:1673
Bone 4  -   1989:2443                       1673:2044

To modulo: 2443

Train           
I)   Bone 0-2   -   0:1790                  0:1510
II)  Bone 1-3   -   554:1989                464:1673
III) Bone 2-4   -   1187:2443               1017:2044
IV)  Bone 3-1   -   1790:2997               1510:2509
V)   Bone 4-2   -   1989:3630               1673:3061

Validate
I)   Bone 3     -   1790:1989               1510:1673
II)  Bone 4     -   1989:2443               1673:2044
III) Bone 0     -   0:554                   0:465
IV)  Bone 1     -   554:1187                465:1017
V)   Bone 2     -   1187:1790               1017:1510

Test
I)   Bone 4     -   1989:2443               1673:2044
II)  Bone 0     -   0:554                   0:465
III) Bone 1     -   554:1187                465:1017
IV)  Bone 2     -   1187:1790               1017:1510
V)   Bone 3     -   1790:1989               1510:1673
